1000	62	1
1001	72	1
1002	62	1
1003	72	1
1004	72	1
1005	86	1
1006	62	1
1007	86	1
1008	62	1
1009	106	1
1010	62	1
1011	62	1
1012	86	1
1013	52	1
1014	62	1
1015	106	1
1016	62	1
1017	86	1
1018	62	1
1019	62	1
1020	72	1
1021	86	1
1022	62	1
1023	62	1
1024	72	1
1025	72	1
1026	72	1
1027	62	1
1028	62	1
1029	72	1
1030	62	1
1031	106	1
1032	62	1
1033	62	1
1034	86	1
1035	106	1
1036	62	1
1037	62	1
1038	62	1
1039	62	1
1040	62	1
1041	23	1
1042	62	1
1043	62	1
1044	62	1
1045	23	1
1046	23	1
1047	62	1
1048	62	1
1049	23	1
1050	62	1
1051	62	1
1052	108	0
1053	62	1
1054	46	1
1055	62	1
1056	62	1
1057	62	1
1058	62	1
1059	62	1
1060	62	1
1061	23	1
1062	62	1
1063	62	1
1064	62	1
1065	62	1
1066	23	1
1067	62	1
1068	62	1
1069	62	1
1070	62	1
1071	62	1
1072	62	1
1073	62	1
1074	62	1
1075	62	1
1076	62	1
1077	62	1
1078	62	1
1079	62	1
1080	62	1
1081	62	1
1082	62	1
1083	62	1
1084	62	1
1085	62	1
1086	62	1
1087	62	1
1088	24	1
1089	24	1
1090	62	1
1091	72	1
1092	71	1
1093	24	1
1094	43	1
1095	62	1
1096	62	1
1097	62	1
1098	62	1
1099	93	1
1100	62	1
1101	71	1
1102	24	1
1103	62	1
1104	62	1
1105	62	1
1106	24	1
1107	24	1
1108	62	1
1109	62	1
1110	23	1
1111	62	1
1112	62	1
1113	62	1
1114	24	1
1115	62	1
1116	23	1
1117	62	1
1118	62	1
1119	23	1
1120	72	1
1121	62	1
1122	62	1
1123	62	1
1124	62	1
1125	62	1
1126	24	1
1127	24	1
1128	62	1
1129	62	1
1130	62	1
1131	62	1
1132	24	1
1133	23	1
1134	23	1
1135	62	1
1136	23	1
1137	62	1
1138	62	1
1139	62	1
1140	62	1
1141	62	1
1142	62	1
1143	62	1
1144	23	1
1145	62	1
1146	62	1
1147	23	1
1148	43	1
1149	62	1
1150	62	1
1151	62	1
1152	62	1
1153	62	1
1154	23	1
1155	24	1
1156	62	1
1157	62	1
1158	93	1
1159	62	1
1160	62	1
1161	62	1
1162	62	1
1163	72	1
1164	62	1
1165	24	1
1166	62	1
1167	24	1
1168	62	1
1169	62	1
1170	24	1
1171	24	1
1172	62	1
1173	86	1
1174	62	1
1175	62	1
1176	62	1
1177	62	1
1178	62	1
1179	86	1
1180	24	1
1181	62	1
1182	86	1
1183	62	1
1184	62	1
1185	72	1
1186	24	1
1187	24	1
1188	62	1
1189	62	1
1190	62	1
1191	24	1
1192	62	1
1193	62	1
1194	62	1
1195	72	1
1196	24	1
1197	62	1
1198	108	1
1199	24	1
1200	86	1
1201	24	1
1202	62	1
1203	24	1
1204	62	1
1205	62	1
1206	24	1
1207	86	1
1208	86	1
1209	52	0
1210	52	0
1211	120	0
1212	52	0
1213	62	1
1214	62	1
1215	62	1
1216	72	1
1217	62	1
1218	62	1
1219	120	0
1220	62	1
1221	62	1
1222	62	1
1223	62	1
1224	62	1
1225	52	0
1226	99	1
1227	62	1
1228	46	1
1229	72	1
1230	62	1
1231	86	1
1232	62	1
1233	86	1
1234	86	1
1235	62	1
1236	52	0
1237	52	0
1238	62	1
1239	62	1
1240	62	1
1241	6	1
1242	86	1
1243	62	1
1244	6	1
1245	6	1
1246	62	1
1247	62	1
1248	86	1
1249	62	1
1250	6	1
1251	62	1
1252	62	1
1253	62	1
1254	72	1
1255	62	1
1256	46	0
1257	72	1
1258	86	1
1259	72	1
1260	86	1
1261	62	1
1262	62	1
1263	72	1
1264	62	1
1265	62	1
1266	72	1
1267	86	1
1268	72	1
1269	6	1
1270	86	1
1271	62	1
1272	6	1
1273	86	1
1274	62	1
1275	62	1
1276	6	1
1277	62	1
1278	62	1
1279	62	1
1280	62	1
1281	6	1
1282	62	1
1283	6	1
1284	72	1
1285	62	1
1286	62	1
1287	62	1
1288	62	1
1289	62	1
1290	6	1
1291	6	1
1292	6	1
1293	62	1
1294	62	1
1295	86	1
1296	62	1
1297	86	1
1298	62	1
1299	62	1
1300	86	1
1301	62	1
1302	72	1
1303	62	1
1304	62	1
1305	62	1
1306	72	1
1307	46	1
1308	86	1
1309	62	1
1310	62	1
1311	86	1
1312	62	1
1313	62	1
1314	62	1
1315	93	1
1316	62	1
1317	62	1
1318	62	1
1319	62	1
1320	72	1
1321	62	1
1322	62	1
1323	62	1
1324	62	1
1325	62	1
1326	86	1
1327	62	1
1328	62	1
1329	62	1
1330	62	1
1331	62	1
1332	62	1
1333	119	0
1334	121	0
1335	4	0
1336	41	0
1337	121	0
1338	85	0
1339	99	0
1340	21	0
1341	121	0
1342	21	0
1343	121	0
1344	11	0
1345	110	0
1346	121	0
1347	54	0
1348	119	0
1349	119	0
1350	97	0
1351	29	0
1352	85	0
1353	80	0
1354	121	0
1355	72	1
1356	121	0
1357	85	0
1358	121	0
1359	54	0
1360	86	1
1361	119	0
1362	85	0
1363	120	0
1364	121	0
1365	110	0
1366	121	0
1367	121	0
1368	54	0
1369	121	0
1370	72	1
1371	95	0
1372	54	0
1373	72	1
1374	54	0
1375	121	0
1376	62	1
1377	41	0
1378	21	0
1379	99	0
1380	86	0
1381	54	0
1382	21	0
1383	119	0
1384	54	0
1385	103	0
1386	105	0
1387	11	0
1388	4	0
1389	21	0
1390	86	0
1391	21	0
1392	121	0
1393	29	0
1394	21	0
1395	43	0
1396	54	0
1397	86	1
1398	115	0
1399	107	0
1400	54	0
1401	121	0
1402	29	0
1403	54	0
1404	72	1
1405	54	0
1406	121	0
1407	129	0
1408	99	0
1409	54	0
1410	121	0
1411	70	0
1412	54	0
1413	121	0
1414	54	0
1415	62	1
1416	4	0
1417	119	0
1418	21	0
1419	121	0
1420	119	0
1421	54	0
1422	29	0
1423	121	0
1424	121	0
1425	108	1
1426	54	0
1427	121	0
1428	54	0
1429	86	0
1430	54	0
1431	29	0
1432	119	0
1433	54	0
1434	54	0
1435	54	0
1436	54	0
1437	21	0
1438	53	0
1439	121	0
1440	121	0
1441	62	1
1442	121	0
1443	86	0
1444	54	0
1445	54	0
1446	54	0
1447	62	1
1448	29	0
1449	54	0
1450	54	0
1451	119	0
1452	54	0
1453	54	0
1454	52	1
1455	108	1
1456	53	0
1457	73	0
1458	62	1
1459	129	0
1460	115	0
1461	72	1
1462	58	0
1463	46	0
1464	54	0
1465	86	1
1466	56	0
1467	52	1
1468	121	0
1469	56	0
1470	56	0
1471	54	0
1472	54	0
1473	21	0
1474	4	0
1475	121	0
1476	119	0
1477	119	0
1478	85	0
1479	121	0
1480	86	0
1481	54	0
1482	29	0
1483	121	0
1484	85	0
1485	116	1
1486	121	0
1487	86	0
1488	115	0
1489	46	0
1490	121	0
1491	93	1
1237	52	1
1314	62	1
1492	121	0
1493	119	0
1494	119	0
1495	85	0
1496	86	0
1497	54	0
1498	21	0
1499	119	0
1500	70	0
1501	121	0
1502	54	0
1503	86	0
1504	72	1
1505	121	0
1506	54	0
1507	56	0
1508	54	0
1509	21	0
1510	54	0
1511	85	0
1512	54	0
1513	120	0
1514	62	1
1515	73	0
1516	119	0
1517	73	0
1518	21	0
1519	68	0
1520	121	0
1521	21	0
1522	72	1
1523	121	0
1524	54	0
1525	115	0
1526	46	0
1527	56	0
1528	54	0
1529	115	0
1530	11	0
1531	110	0
1532	110	0
1533	80	0
1534	86	1
1535	121	0
1536	110	0
1537	86	1
1538	4	0
1539	86	0
1540	4	0
1541	72	1
1542	54	0
1543	11	0
1544	103	0
1545	121	0
1546	54	0
1547	23	1
1548	62	1
1549	121	0
1550	121	0
1551	116	1
1552	56	0
1553	79	0
1554	29	0
1555	121	0
1556	121	0
1557	43	0
1558	108	0
1559	4	0
1560	21	0
1561	99	0
1562	73	0
1563	21	0
1564	54	0
1565	54	0
1566	121	0
1567	121	0
1568	121	0
1091	72	1
1569	29	0
1570	86	0
1571	54	0
1572	54	0
1573	70	0
1574	99	0
1575	54	0
1576	80	0
1577	54	0
1578	21	0
1579	54	0
1580	121	0
1581	29	0
1582	62	1
1583	21	0
1584	121	0
1585	62	1
1586	23	1
1587	46	0
1588	21	0
1589	54	0
1590	54	0
1591	121	0
1592	54	0
1593	121	0
1594	40	0
1595	21	0
1596	62	1
1597	121	0
1598	110	0
1599	121	0
1600	54	0
1601	116	0
1602	54	0
1603	86	1
1604	86	1
1605	46	0
1606	54	0
1607	21	0
1608	99	0
1609	70	0
1610	73	0
1611	29	0
1612	21	0
1613	121	0
1614	54	0
1615	21	0
1616	43	1
1617	24	1
1618	121	0
1619	54	0
1620	21	0
1621	54	0
1622	43	0
1623	62	1
1624	121	0
1625	86	0
1626	121	0
1627	86	0
1628	4	0
1629	21	0
1630	119	0
1631	121	0
1632	119	0
1633	121	0
1634	129	0
1635	86	0
1636	56	0
1637	54	0
1638	119	0
1639	21	0
1640	21	0
1641	11	0
1642	54	0
1643	43	0
1644	121	0
1645	86	0
1646	54	0
1647	121	0
1648	121	0
1649	121	0
1650	23	1
1651	121	0
1652	119	0
1653	56	0
1654	72	1
1655	54	0
1656	21	0
1657	121	0
1658	121	0
1659	46	0
1660	21	0
1661	121	0
1662	41	0
1663	119	0
1664	110	0
1665	121	0
1666	54	0
1667	54	0
1668	21	0
1669	121	0
1670	21	0
1671	119	0
1672	43	1
1673	121	0
1674	110	0
1675	72	1
1676	41	0
1677	11	0
1678	121	0
1679	72	1
1680	54	0
1681	21	0
1682	29	0
1683	54	0
1684	86	0
1685	121	0
1686	62	1
1687	43	0
1688	54	0
1689	54	0
1690	110	0
1691	99	0
1692	54	0
1693	54	0
1694	86	0
1695	99	0
1696	54	0
1697	72	1
1698	72	1
1699	21	0
1700	97	0
1701	86	0
1702	54	0
1703	4	0
1704	121	0
1331	62	1
1705	103	0
1706	39	0
1707	46	0
1708	121	0
1709	56	0
1710	54	0
1711	121	0
1712	120	0
1713	21	0
1714	119	0
1715	72	1
1716	129	0
1717	79	0
1718	121	0
1719	29	0
1720	110	0
1721	11	0
1722	53	0
1723	119	0
1724	121	0
1725	4	0
1086	62	1
1726	121	0
1727	119	0
1728	4	0
1729	54	0
1730	121	0
1731	119	0
1732	73	0
1733	121	0
1734	110	0
1735	121	0
1736	85	0
1737	56	0
1738	54	0
1739	86	0
1740	54	0
1741	119	0
1742	121	0
1743	35	0
1744	110	0
1745	54	0
1746	54	0
1747	54	0
1748	98	0
1749	29	0
1750	21	0
1751	72	1
1752	72	1
1753	110	0
1754	103	0
1755	62	1
1756	54	0
1757	121	0
1758	86	1
1759	21	0
1760	73	0
1761	122	0
1762	41	0
1763	119	0
1764	121	0
1765	121	0
1766	53	0
1767	54	0
1768	21	0
1769	4	0
1770	62	1
1771	86	1
1772	119	0
1773	21	0
1774	110	0
1775	86	0
1776	54	0
1777	122	0
1778	46	0
1779	86	0
1780	121	0
1781	121	0
1782	97	0
1783	21	0
1784	54	0
1785	129	0
1786	121	0
1787	54	0
1788	121	0
1789	121	0
1790	122	0
1791	121	0
1792	29	0
1793	121	0
1794	129	0
1795	121	0
1796	21	0
1797	121	0
1798	121	0
1799	121	0
1800	86	0
1801	4	0
1802	54	0
1803	21	0
1804	54	0
1805	21	0
1806	121	0
1807	79	0
1808	54	0
1809	121	0
1810	121	0
1811	21	0
1812	54	0
